%YAML:1.0

#--------------------------------------------------------------------------------------------
# Camera Parameters. Adjust them!
#--------------------------------------------------------------------------------------------
Camera.type: "KannalaBrandt8"
# Camera calibration and distortion parameters (OpenCV) 
Camera.fx: 275.46015578667294
Camera.fy: 274.9948095922592
Camera.cx: 315.958384100568
Camera.cy: 242.7123497822731
# Camera.fx: 278.66723066149086
# Camera.fy: 278.48991409740296
# Camera.cx: 319.75221200593535
# Camera.cy: 241.96858910358173

# Equidistant distortion 0.0034823894022493434, 0.0007150348452162257, -0.0020532361418706202, 0.00020293673591811182
#Camera.bFishEye: 1
Camera.k1: -6.545154718304953e-06
Camera.k2: -0.010379525898159981
Camera.k3: 0.014935312423953146
Camera.k4: -0.005639061406567785
# Camera.k1: -0.013721808247486035
# Camera.k2: 0.020727425669427896
# Camera.k3: -0.012786476702685545
# Camera.k4: 0.0025242267320687625

# Camera resolution
Camera.width: 640
Camera.height: 480

# Camera frames per second 
Camera.fps: 30.0

# Color order of the images (0: BGR, 1: RGB. It is ignored if images are grayscale)
Camera.RGB: 1

# Transformation from camera to body-frame (imu)
Tbc: !!opencv-matrix
   rows: 4
   cols: 4
   dt: f
   data: [-0.02725669, -0.71392061,  0.69969596,  0.00751451,
          -0.99962606,  0.01793147, -0.02064447,  0.02404535,
           0.00219194, -0.69999702, -0.7141424,   0.00577265,
           0.0, 0.0, 0.0, 1.0]
#    data: [  -0.02822879,  0.01440125,  0.99949774,  0.00110212,
#             -0.99960149, -0.00041887, -0.02822568,  0.02170142,
#             0.00001218, -0.99989621,  0.01440734, -0.00005928,
#             0.0, 0.0, 0.0, 1.0]

# IMU noise

IMU.NoiseGyro: 0.05
IMU.NoiseAcc: 0.10
IMU.GyroWalk: 4.0e-05
IMU.AccWalk: 0.002

# IMU.NoiseGyro: 1.7e-4 #1.6968e-04 
# IMU.NoiseAcc: 2.0000e-3 #2.0e-3
# IMU.GyroWalk: 1.9393e-05 
# IMU.AccWalk: 3.0000e-03 # 3e-03

IMU.Frequency: 500

#--------------------------------------------------------------------------------------------
# ORB Parameters
#--------------------------------------------------------------------------------------------

# ORB Extractor: Number of features per image
ORBextractor.nFeatures: 1000 # 1000

# ORB Extractor: Scale factor between levels in the scale pyramid 	
ORBextractor.scaleFactor: 1.2

# ORB Extractor: Number of levels in the scale pyramid	
ORBextractor.nLevels: 8

# ORB Extractor: Fast threshold
# Image is divided in a grid. At each cell FAST are extracted imposing a minimum response.
# Firstly we impose iniThFAST. If no corners are detected we impose a lower value minThFAST
# You can lower these values if your images have low contrast			
ORBextractor.iniThFAST: 20 # 5 # 20
ORBextractor.minThFAST: 7 # 2 # 7
# ORBextractor.iniThFAST: 5 # 20
# ORBextractor.minThFAST: 2 # 7

#--------------------------------------------------------------------------------------------
# Viewer Parameters
#--------------------------------------------------------------------------------------------
Viewer.KeyFrameSize: 0.05
Viewer.KeyFrameLineWidth: 1
Viewer.GraphLineWidth: 0.9
Viewer.PointSize: 2
Viewer.CameraSize: 0.08
Viewer.CameraLineWidth: 3
Viewer.ViewpointX: 0
Viewer.ViewpointY: -0.7
Viewer.ViewpointZ: -3.5 # -1.8
Viewer.ViewpointF: 500